IMG_3128_1	232	318	543	981
IMG_3128_2	41	232	703	543
IMG_3129_1	314	803	482	378
IMG_3129_2	220	482	645	314
IMG_3131_1	200	79	398	681
IMG_3131_2	341	398	944	201
IMG_3135_1	203	127	468	840
IMG_3135_2	180	207	897	464
IMG_3136_2	186	214	818	453
IMG_3137_2	236	435	777	164
IMG_3138_1	217	91	451	934
IMG_3138_2	88	217	931	451
IMG_3139_1	94	110	583	750
IMG_3139_2	271	93	912	583
IMG_3140_2	167	505	821	257
IMG_3143_2	116	277	956	529
IMG_3145_2	152	544	683	154
IMG_3147_1	335	824	570	245
IMG_3147_2	194	562	780	343
IMG_3153_1	400	956	616	38
IMG_3153_2	59	582	991	434
